%YAML:1.0
---
cameraMatrix: !!opencv-matrix
   rows: 3
   cols: 3
   dt: d
   data: [ 1.8040421856027237e+03, 0., 1.0185634821644506e+03, 0.,
       1.8049084233025417e+03, 6.0062224150641634e+02, 0., 0., 1. ]
distCoeffs: !!opencv-matrix
   rows: 1
   cols: 5
   dt: d
   data: [ 1.1072125105586449e-01, -3.4784471932445593e-01,
       -2.9656962804816426e-04, 8.7809700589825930e-04,
       -1.5633450758330669e-01 ]
